Éléments ajoutés	Taille totale	Rehash	Temps (ns)	Facteur de charge	Collisions
100	197	4	409300	0,5076	83
300	397	5	938100	0,7557	232
500	797	6	775000	0,6274	416
700	797	6	460300	0,8783	521
900	1597	7	678700	0,5636	806
1000	1597	7	553800	0,6262	814
3000	3203	8	1134500	0,9366	2184
5000	6421	9	2492700	0,7787	3839
7000	12853	10	4773300	0,5446	6369
9000	12853	10	3498400	0,7002	7257
10000	12853	10	3916100	0,7780	7761
30000	51437	12	8638200	0,5832	26092
50000	51437	12	15302700	0,9721	36897
70000	102877	13	27923000	0,6804	56832
90000	102877	13	24182200	0,8748	67789
100000	102877	13	23830900	0,9720	73728
300000	411527	15	140766900	0,7290	238044
500000	823117	16	192908600	0,6074	428187
700000	823117	16	258579400	0,8504	531222
900000	1646237	17	473393400	0,5467	812460
1000000	1646237	17	604282800	0,6074	855494
3000000	3292489	18	1326196300	0,9112	2243420
5000000	6584983	19	2200067800	0,7593	3920378
7000000	13169977	20	4213550800	0,5315	6413486
9000000	13169977	20	7145661000	0,6834	7329745
10000000	13169977	20	6781048200	0,7593	7845863
