Éléments ajoutés	Taille totale	Rehash	Temps (ns)	Facteur de charge	Collisions
100	397	5	216300	0,2519	98
300	797	6	316500	0,3764	187
500	1597	7	461700	0,3131	424
700	1597	7	290800	0,4383	541
900	3203	8	447500	0,2810	789
1000	3203	8	508600	0,3122	751
3000	6421	9	980600	0,4672	2248
5000	12853	10	1807100	0,3890	3764
7000	25717	11	2725700	0,2722	6240
9000	25717	11	2099100	0,3500	7076
10000	25717	11	4671100	0,3888	7662
30000	102877	13	8440100	0,2916	25738
50000	102877	13	7582000	0,4860	40524
70000	205759	14	7749200	0,3402	62596
90000	205759	14	8157300	0,4374	81687
100000	205759	14	6188700	0,4860	95103
300000	823117	16	59392800	0,3645	361015
500000	1646237	17	120206700	0,3037	673236
700000	1646237	17	259035600	0,4252	862201
900000	3292489	18	208182800	0,2733	1309402
1000000	3292489	18	316096000	0,3037	1371373
3000000	6584983	19	1015552300	0,4556	3778633
5000000	13169977	20	1574907100	0,3797	6436401
7000000	26339969	21	2512395600	0,2658	10480370
9000000	26339969	21	3549968700	0,3417	11952668
10000000	26339969	21	5471929200	0,3797	12867029
