Éléments ajoutés	Taille totale	Rehash	Temps (ns)	Facteur de charge	Collisions
100	397	5	218900	0,2519	107
300	797	6	325000	0,3764	246
500	1597	7	350100	0,3131	506
700	1597	7	407600	0,4383	683
900	3203	8	372700	0,2810	981
1000	3203	8	308000	0,3122	892
3000	6421	9	645300	0,4672	2864
5000	12853	10	1211900	0,3890	4437
7000	25717	11	1919400	0,2722	7941
9000	25717	11	1984600	0,3500	8627
10000	25717	11	3676000	0,3888	9677
30000	102877	13	8332200	0,2916	31689
50000	102877	13	8447700	0,4860	49497
70000	205759	14	8573600	0,3402	70334
90000	205759	14	7465200	0,4374	85575
100000	205759	14	7143800	0,4860	100137
300000	823117	16	77381400	0,3645	291623
500000	1646237	17	94883500	0,3037	520571
700000	1646237	17	264243600	0,4252	668551
900000	3292489	18	178787600	0,2733	988378
1000000	3292489	18	256887000	0,3037	1039220
3000000	6584983	19	787437800	0,4556	2899617
5000000	13169977	20	1177999700	0,3797	4817105
7000000	26339969	21	2270853400	0,2658	7804684
9000000	26339969	21	2469798800	0,3417	8866321
10000000	26339969	21	2503173500	0,3797	9580866
