Éléments ajoutés	Taille totale	Rehash	Temps (ns)	Facteur de charge	Collisions
100	397	5	174100	0,2519	105
300	797	6	305400	0,3764	218
500	1597	7	340200	0,3131	452
700	1597	7	268600	0,4383	584
900	3203	8	318000	0,2810	805
1000	3203	8	265200	0,3122	810
3000	6421	9	781700	0,4672	2423
5000	12853	10	1500100	0,3890	4004
7000	25717	11	1642500	0,2722	6919
9000	25717	11	1596300	0,3500	7639
10000	25717	11	3769400	0,3888	8512
30000	102877	13	7580900	0,2916	27761
50000	102877	13	6346700	0,4860	42542
70000	205759	14	6772700	0,3402	61213
90000	205759	14	7649800	0,4374	74953
100000	205759	14	4993900	0,4860	86099
300000	823117	16	54032000	0,3645	255611
500000	1646237	17	83533300	0,3037	456507
700000	1646237	17	246236800	0,4252	584683
900000	3292489	18	185943800	0,2733	866798
1000000	3292489	18	246103500	0,3037	911980
3000000	6584983	19	818764900	0,4556	2520540
5000000	13169977	20	1114646100	0,3797	4226821
7000000	26339969	21	1926785000	0,2658	6835704
9000000	26339969	21	2355470300	0,3417	7796813
10000000	26339969	21	2940024400	0,3797	8420441
