Éléments ajoutés	Taille totale	Rehash	Temps (ns)	Facteur de charge	Collisions
100	256	4	1817200	0,38671875	11
300	512	5	1792000	0,5839844	44
500	1024	6	2129600	0,4873047	90
700	1024	6	1978200	0,6826172	164
900	2048	7	2708300	0,43896484	0
1000	2048	7	2051500	0,48779297	179
3000	4096	8	2493100	0,73217773	758
5000	8192	9	3129700	0,6102295	473
7000	16384	10	4462800	0,42718506	898
9000	16384	10	4058400	0,5492554	1147
10000	16384	10	4056000	0,6102905	945
30000	65536	12	14779200	0,4577484	5278
50000	131072	13	23147000	0,3814621	3513
70000	131072	13	31659500	0,53405	5494
90000	131072	13	33369900	0,6866379	10492
100000	262144	14	35952400	0,3814659	7023
300000	524288	15	81126200	0,5722027	23982
500000	1048576	16	102344900	0,4768362	105327
700000	1048576	16	136665300	0,66757107	37992
900000	2097152	17	200700900	0,42915297	176551
1000000	2097152	17	207945200	0,47683668	210653
3000000	4194304	18	425107500	0,7152555	274145
5000000	8388608	19	681458900	0,5960463	532623
7000000	16777216	20	1291856000	0,41723245	1061615
9000000	16777216	20	1283983500	0,53644174	982433
10000000	16777216	20	1409319700	0,5960464	1065246
