Éléments ajoutés	Taille totale	Rehash	Temps (ns)	Facteur de charge	Collisions
100	256	4	4509000	0,38671875	11
300	512	5	3144800	0,5839844	44
500	1024	6	4146800	0,4873047	90
700	1024	6	4150400	0,6826172	164
900	2048	7	3915700	0,43896484	0
1000	2048	7	4651900	0,48779297	179
3000	4096	8	6107400	0,73217773	758
5000	8192	9	8087700	0,6102295	473
7000	16384	10	14663300	0,42718506	898
9000	16384	10	14598600	0,5492554	1147
10000	16384	10	15542300	0,6102905	945
30000	65536	12	33477500	0,4577484	5278
50000	131072	13	63606200	0,3814621	3513
70000	131072	13	102220000	0,53405	5494
90000	131072	13	98464300	0,6866379	10492
100000	262144	14	93254000	0,3814659	7023
300000	524288	15	235843200	0,5722027	23982
500000	1048576	16	364465000	0,4768362	105327
700000	1048576	16	357655100	0,66757107	37992
900000	2097152	17	558752600	0,42915297	176551
1000000	2097152	17	578730600	0,47683668	210653
3000000	4194304	18	1185029200	0,7152555	274145
5000000	8388608	19	2046870700	0,5960463	532623
7000000	16777216	20	3763038400	0,41723245	1061615
9000000	16777216	20	4243340600	0,53644174	982433
10000000	16777216	20	4805352100	0,5960464	1065246
